---------- 1 ----------
1	8	10	15	
12	13	3	6	
7	2	16	9	
14	11	5	4	


---------- 2 ----------
1	8	10	15	
14	11	5	4	
7	2	16	9	
12	13	3	6	


---------- 3 ----------
1	8	11	14	
12	13	2	7	
6	3	16	9	
15	10	5	4	


---------- 4 ----------
1	8	11	14	
15	10	5	4	
6	3	16	9	
12	13	2	7	


---------- 5 ----------
1	8	13	12	
14	11	2	7	
4	5	16	9	
15	10	3	6	


---------- 6 ----------
1	8	13	12	
15	10	3	6	
4	5	16	9	
14	11	2	7	


---------- 7 ----------
1	12	6	15	
8	13	3	10	
11	2	16	5	
14	7	9	4	


---------- 8 ----------
1	12	6	15	
14	7	9	4	
11	2	16	5	
8	13	3	10	


---------- 9 ----------
1	12	7	14	
8	13	2	11	
10	3	16	5	
15	6	9	4	


---------- 10 ----------
1	12	7	14	
15	6	9	4	
10	3	16	5	
8	13	2	11	


---------- 11 ----------
1	12	13	8	
14	7	2	11	
4	9	16	5	
15	6	3	10	


---------- 12 ----------
1	12	13	8	
15	6	3	10	
4	9	16	5	
14	7	2	11	


---------- 13 ----------
1	14	4	15	
8	11	5	10	
13	2	16	3	
12	7	9	6	


---------- 14 ----------
1	14	4	15	
12	7	9	6	
13	2	16	3	
8	11	5	10	


---------- 15 ----------
1	14	7	12	
8	11	2	13	
10	5	16	3	
15	4	9	6	


---------- 16 ----------
1	14	7	12	
15	4	9	6	
10	5	16	3	
8	11	2	13	


---------- 17 ----------
1	14	11	8	
12	7	2	13	
6	9	16	3	
15	4	5	10	


---------- 18 ----------
1	14	11	8	
15	4	5	10	
6	9	16	3	
12	7	2	13	


---------- 19 ----------
1	15	4	14	
8	10	5	11	
13	3	16	2	
12	6	9	7	


---------- 20 ----------
1	15	4	14	
12	6	9	7	
13	3	16	2	
8	10	5	11	


---------- 21 ----------
1	15	6	12	
8	10	3	13	
11	5	16	2	
14	4	9	7	


---------- 22 ----------
1	15	6	12	
14	4	9	7	
11	5	16	2	
8	10	3	13	


---------- 23 ----------
1	15	10	8	
12	6	3	13	
7	9	16	2	
14	4	5	11	


---------- 24 ----------
1	15	10	8	
14	4	5	11	
7	9	16	2	
12	6	3	13	


---------- 25 ----------
2	7	9	16	
11	14	4	5	
8	1	15	10	
13	12	6	3	


---------- 26 ----------
2	7	9	16	
13	12	6	3	
8	1	15	10	
11	14	4	5	


---------- 27 ----------
2	7	12	13	
11	14	1	8	
5	4	15	10	
16	9	6	3	


---------- 28 ----------
2	7	12	13	
16	9	6	3	
5	4	15	10	
11	14	1	8	


---------- 29 ----------
2	7	14	11	
13	12	1	8	
3	6	15	10	
16	9	4	5	


---------- 30 ----------
2	7	14	11	
16	9	4	5	
3	6	15	10	
13	12	1	8	


---------- 31 ----------
2	11	5	16	
7	14	4	9	
12	1	15	6	
13	8	10	3	


---------- 32 ----------
2	11	5	16	
13	8	10	3	
12	1	15	6	
7	14	4	9	


---------- 33 ----------
2	11	8	13	
7	14	1	12	
9	4	15	6	
16	5	10	3	


---------- 34 ----------
2	11	8	13	
16	5	10	3	
9	4	15	6	
7	14	1	12	


---------- 35 ----------
2	11	14	7	
13	8	1	12	
3	10	15	6	
16	5	4	9	


---------- 36 ----------
2	11	14	7	
16	5	4	9	
3	10	15	6	
13	8	1	12	


---------- 37 ----------
2	13	3	16	
7	12	6	9	
14	1	15	4	
11	8	10	5	


---------- 38 ----------
2	13	3	16	
11	8	10	5	
14	1	15	4	
7	12	6	9	


---------- 39 ----------
2	13	8	11	
7	12	1	14	
9	6	15	4	
16	3	10	5	


---------- 40 ----------
2	13	8	11	
16	3	10	5	
9	6	15	4	
7	12	1	14	


---------- 41 ----------
2	13	12	7	
11	8	1	14	
5	10	15	4	
16	3	6	9	


---------- 42 ----------
2	13	12	7	
16	3	6	9	
5	10	15	4	
11	8	1	14	


---------- 43 ----------
2	16	3	13	
7	9	6	12	
14	4	15	1	
11	5	10	8	


---------- 44 ----------
2	16	3	13	
11	5	10	8	
14	4	15	1	
7	9	6	12	


---------- 45 ----------
2	16	5	11	
7	9	4	14	
12	6	15	1	
13	3	10	8	


---------- 46 ----------
2	16	5	11	
13	3	10	8	
12	6	15	1	
7	9	4	14	


---------- 47 ----------
2	16	9	7	
11	5	4	14	
8	10	15	1	
13	3	6	12	


---------- 48 ----------
2	16	9	7	
13	3	6	12	
8	10	15	1	
11	5	4	14	


---------- 49 ----------
3	6	9	16	
10	15	4	5	
8	1	14	11	
13	12	7	2	


---------- 50 ----------
3	6	9	16	
13	12	7	2	
8	1	14	11	
10	15	4	5	


---------- 51 ----------
3	6	12	13	
10	15	1	8	
5	4	14	11	
16	9	7	2	


---------- 52 ----------
3	6	12	13	
16	9	7	2	
5	4	14	11	
10	15	1	8	


---------- 53 ----------
3	6	15	10	
13	12	1	8	
2	7	14	11	
16	9	4	5	


---------- 54 ----------
3	6	15	10	
16	9	4	5	
2	7	14	11	
13	12	1	8	


---------- 55 ----------
3	10	5	16	
6	15	4	9	
12	1	14	7	
13	8	11	2	


---------- 56 ----------
3	10	5	16	
13	8	11	2	
12	1	14	7	
6	15	4	9	


---------- 57 ----------
3	10	8	13	
6	15	1	12	
9	4	14	7	
16	5	11	2	


---------- 58 ----------
3	10	8	13	
16	5	11	2	
9	4	14	7	
6	15	1	12	


---------- 59 ----------
3	10	15	6	
13	8	1	12	
2	11	14	7	
16	5	4	9	


---------- 60 ----------
3	10	15	6	
16	5	4	9	
2	11	14	7	
13	8	1	12	


---------- 61 ----------
3	13	2	16	
6	12	7	9	
15	1	14	4	
10	8	11	5	


---------- 62 ----------
3	13	2	16	
10	8	11	5	
15	1	14	4	
6	12	7	9	


---------- 63 ----------
3	13	8	10	
6	12	1	15	
9	7	14	4	
16	2	11	5	


---------- 64 ----------
3	13	8	10	
16	2	11	5	
9	7	14	4	
6	12	1	15	


---------- 65 ----------
3	13	12	6	
10	8	1	15	
5	11	14	4	
16	2	7	9	


---------- 66 ----------
3	13	12	6	
16	2	7	9	
5	11	14	4	
10	8	1	15	


---------- 67 ----------
3	16	2	13	
6	9	7	12	
15	4	14	1	
10	5	11	8	


---------- 68 ----------
3	16	2	13	
10	5	11	8	
15	4	14	1	
6	9	7	12	


---------- 69 ----------
3	16	5	10	
6	9	4	15	
12	7	14	1	
13	2	11	8	


---------- 70 ----------
3	16	5	10	
13	2	11	8	
12	7	14	1	
6	9	4	15	


---------- 71 ----------
3	16	9	6	
10	5	4	15	
8	11	14	1	
13	2	7	12	

---------- 72 ----------
3	16	9	6	
13	2	7	12	
8	11	14	1	
10	5	4	15	

---------- 73 ----------
4	5	10	15	
9	16	3	6	
7	2	13	12	
14	11	8	1	

---------- 74 ----------
4	5	10	15	
14	11	8	1	
7	2	13	12	
9	16	3	6	

---------- 75 ----------
4	5	11	14	
9	16	2	7	
6	3	13	12	
15	10	8	1	

---------- 76 ----------
4	5	11	14	
15	10	8	1	
6	3	13	12	
9	16	2	7	

---------- 77 ----------
4	5	16	9	
14	11	2	7	
1	8	13	12	
15	10	3	6	

---------- 78 ----------
4	5	16	9	
15	10	3	6	
1	8	13	12	
14	11	2	7	

---------- 79 ----------
4	9	6	15	
5	16	3	10	
11	2	13	8	
14	7	12	1	

---------- 80 ----------
4	9	6	15	
14	7	12	1	
11	2	13	8	
5	16	3	10	

---------- 81 ----------
4	9	7	14	
5	16	2	11	
10	3	13	8	
15	6	12	1	

---------- 82 ----------
4	9	7	14	
15	6	12	1	
10	3	13	8	
5	16	2	11	

---------- 83 ----------
4	9	16	5	
14	7	2	11	
1	12	13	8	
15	6	3	10	

---------- 84 ----------
4	9	16	5	
15	6	3	10	
1	12	13	8	
14	7	2	11	

---------- 85 ----------
4	14	1	15	
5	11	8	10	
16	2	13	3	
9	7	12	6	

---------- 86 ----------
4	14	1	15	
9	7	12	6	
16	2	13	3	
5	11	8	10	

---------- 87 ----------
4	14	7	9	
5	11	2	16	
10	8	13	3	
15	1	12	6	

---------- 88 ----------
4	14	7	9	
15	1	12	6	
10	8	13	3	
5	11	2	16	

---------- 89 ----------
4	14	11	5	
9	7	2	16	
6	12	13	3	
15	1	8	10	

---------- 90 ----------
4	14	11	5	
15	1	8	10	
6	12	13	3	
9	7	2	16	

---------- 91 ----------
4	15	1	14	
5	10	8	11	
16	3	13	2	
9	6	12	7	

---------- 92 ----------
4	15	1	14	
9	6	12	7	
16	3	13	2	
5	10	8	11	

---------- 93 ----------
4	15	6	9	
5	10	3	16	
11	8	13	2	
14	1	12	7	

---------- 94 ----------
4	15	6	9	
14	1	12	7	
11	8	13	2	
5	10	3	16	

---------- 95 ----------
4	15	10	5	
9	6	3	16	
7	12	13	2	
14	1	8	11	

---------- 96 ----------
4	15	10	5	
14	1	8	11	
7	12	13	2	
9	6	3	16	

---------- 97 ----------
5	4	9	16	
10	15	6	3	
8	1	12	13	
11	14	7	2	

---------- 98 ----------
5	4	9	16	
11	14	7	2	
8	1	12	13	
10	15	6	3	

---------- 99 ----------
5	4	14	11	
10	15	1	8	
3	6	12	13	
16	9	7	2	

---------- 100 ----------
5	4	14	11	
16	9	7	2	
3	6	12	13	
10	15	1	8	

---------- 101 ----------
5	4	15	10	
11	14	1	8	
2	7	12	13	
16	9	6	3	

---------- 102 ----------
5	4	15	10	
16	9	6	3	
2	7	12	13	
11	14	1	8	

---------- 103 ----------
5	10	3	16	
4	15	6	9	
14	1	12	7	
11	8	13	2	

---------- 104 ----------
5	10	3	16	
11	8	13	2	
14	1	12	7	
4	15	6	9	

---------- 105 ----------
5	10	8	11	
4	15	1	14	
9	6	12	7	
16	3	13	2	

---------- 106 ----------
5	10	8	11	
16	3	13	2	
9	6	12	7	
4	15	1	14	

---------- 107 ----------
5	10	15	4	
11	8	1	14	
2	13	12	7	
16	3	6	9	

---------- 108 ----------
5	10	15	4	
16	3	6	9	
2	13	12	7	
11	8	1	14	

---------- 109 ----------
5	11	2	16	
4	14	7	9	
15	1	12	6	
10	8	13	3	

---------- 110 ----------
5	11	2	16	
10	8	13	3	
15	1	12	6	
4	14	7	9	

---------- 111 ----------
5	11	8	10	
4	14	1	15	
9	7	12	6	
16	2	13	3	

---------- 112 ----------
5	11	8	10	
16	2	13	3	
9	7	12	6	
4	14	1	15	

---------- 113 ----------
5	11	14	4	
10	8	1	15	
3	13	12	6	
16	2	7	9	

---------- 114 ----------
5	11	14	4	
16	2	7	9	
3	13	12	6	
10	8	1	15	

---------- 115 ----------
5	16	2	11	
4	9	7	14	
15	6	12	1	
10	3	13	8	

---------- 116 ----------
5	16	2	11	
10	3	13	8	
15	6	12	1	
4	9	7	14	

---------- 117 ----------
5	16	3	10	
4	9	6	15	
14	7	12	1	
11	2	13	8	

---------- 118 ----------
5	16	3	10	
11	2	13	8	
14	7	12	1	
4	9	6	15	

---------- 119 ----------
5	16	9	4	
10	3	6	15	
8	13	12	1	
11	2	7	14	

---------- 120 ----------
5	16	9	4	
11	2	7	14	
8	13	12	1	
10	3	6	15	

---------- 121 ----------
6	3	10	15	
9	16	5	4	
7	2	11	14	
12	13	8	1	

---------- 122 ----------
6	3	10	15	
12	13	8	1	
7	2	11	14	
9	16	5	4	

---------- 123 ----------
6	3	13	12	
9	16	2	7	
4	5	11	14	
15	10	8	1	

---------- 124 ----------
6	3	13	12	
15	10	8	1	
4	5	11	14	
9	16	2	7	

---------- 125 ----------
6	3	16	9	
12	13	2	7	
1	8	11	14	
15	10	5	4	

---------- 126 ----------
6	3	16	9	
15	10	5	4	
1	8	11	14	
12	13	2	7	

---------- 127 ----------
6	9	4	15	
3	16	5	10	
13	2	11	8	
12	7	14	1	

---------- 128 ----------
6	9	4	15	
12	7	14	1	
13	2	11	8	
3	16	5	10	

---------- 129 ----------
6	9	7	12	
3	16	2	13	
10	5	11	8	
15	4	14	1	

---------- 130 ----------
6	9	7	12	
15	4	14	1	
10	5	11	8	
3	16	2	13	

---------- 131 ----------
6	9	16	3	
12	7	2	13	
1	14	11	8	
15	4	5	10	

---------- 132 ----------
6	9	16	3	
15	4	5	10	
1	14	11	8	
12	7	2	13	

---------- 133 ----------
6	12	1	15	
3	13	8	10	
16	2	11	5	
9	7	14	4	

---------- 134 ----------
6	12	1	15	
9	7	14	4	
16	2	11	5	
3	13	8	10	

---------- 135 ----------
6	12	7	9	
3	13	2	16	
10	8	11	5	
15	1	14	4	

---------- 136 ----------
6	12	7	9	
15	1	14	4	
10	8	11	5	
3	13	2	16	

---------- 137 ----------
6	12	13	3	
9	7	2	16	
4	14	11	5	
15	1	8	10	

---------- 138 ----------
6	12	13	3	
15	1	8	10	
4	14	11	5	
9	7	2	16	

---------- 139 ----------
6	15	1	12	
3	10	8	13	
16	5	11	2	
9	4	14	7	

---------- 140 ----------
6	15	1	12	
9	4	14	7	
16	5	11	2	
3	10	8	13	

---------- 141 ----------
6	15	4	9	
3	10	5	16	
13	8	11	2	
12	1	14	7	

---------- 142 ----------
6	15	4	9	
12	1	14	7	
13	8	11	2	
3	10	5	16	

---------- 143 ----------
6	15	10	3	
9	4	5	16	
7	14	11	2	
12	1	8	13	

---------- 144 ----------
6	15	10	3	
12	1	8	13	
7	14	11	2	
9	4	5	16	

---------- 145 ----------
7	2	11	14	
9	16	5	4	
6	3	10	15	
12	13	8	1	

---------- 146 ----------
7	2	11	14	
12	13	8	1	
6	3	10	15	
9	16	5	4	

---------- 147 ----------
7	2	13	12	
9	16	3	6	
4	5	10	15	
14	11	8	1	

---------- 148 ----------
7	2	13	12	
14	11	8	1	
4	5	10	15	
9	16	3	6	

---------- 149 ----------
7	2	16	9	
12	13	3	6	
1	8	10	15	
14	11	5	4	

---------- 150 ----------
7	2	16	9	
14	11	5	4	
1	8	10	15	
12	13	3	6	

---------- 151 ----------
7	9	4	14	
2	16	5	11	
13	3	10	8	
12	6	15	1	

---------- 152 ----------
7	9	4	14	
12	6	15	1	
13	3	10	8	
2	16	5	11	

---------- 153 ----------
7	9	6	12	
2	16	3	13	
11	5	10	8	
14	4	15	1	

---------- 154 ----------
7	9	6	12	
14	4	15	1	
11	5	10	8	
2	16	3	13	

---------- 155 ----------
7	9	16	2	
12	6	3	13	
1	15	10	8	
14	4	5	11	

---------- 156 ----------
7	9	16	2	
14	4	5	11	
1	15	10	8	
12	6	3	13	

---------- 157 ----------
7	12	1	14	
2	13	8	11	
16	3	10	5	
9	6	15	4	

---------- 158 ----------
7	12	1	14	
9	6	15	4	
16	3	10	5	
2	13	8	11	

---------- 159 ----------
7	12	6	9	
2	13	3	16	
11	8	10	5	
14	1	15	4	

---------- 160 ----------
7	12	6	9	
14	1	15	4	
11	8	10	5	
2	13	3	16	

---------- 161 ----------
7	12	13	2	
9	6	3	16	
4	15	10	5	
14	1	8	11	

---------- 162 ----------
7	12	13	2	
14	1	8	11	
4	15	10	5	
9	6	3	16	

---------- 163 ----------
7	14	1	12	
2	11	8	13	
16	5	10	3	
9	4	15	6	

---------- 164 ----------
7	14	1	12	
9	4	15	6	
16	5	10	3	
2	11	8	13	

---------- 165 ----------
7	14	4	9	
2	11	5	16	
13	8	10	3	
12	1	15	6	

---------- 166 ----------
7	14	4	9	
12	1	15	6	
13	8	10	3	
2	11	5	16	

---------- 167 ----------
7	14	11	2	
9	4	5	16	
6	15	10	3	
12	1	8	13	

---------- 168 ----------
7	14	11	2	
12	1	8	13	
6	15	10	3	
9	4	5	16	

---------- 169 ----------
8	1	12	13	
10	15	6	3	
5	4	9	16	
11	14	7	2	

---------- 170 ----------
8	1	12	13	
11	14	7	2	
5	4	9	16	
10	15	6	3	

---------- 171 ----------
8	1	14	11	
10	15	4	5	
3	6	9	16	
13	12	7	2	

---------- 172 ----------
8	1	14	11	
13	12	7	2	
3	6	9	16	
10	15	4	5	

---------- 173 ----------
8	1	15	10	
11	14	4	5	
2	7	9	16	
13	12	6	3	

---------- 174 ----------
8	1	15	10	
13	12	6	3	
2	7	9	16	
11	14	4	5	

---------- 175 ----------
8	10	3	13	
1	15	6	12	
14	4	9	7	
11	5	16	2	

---------- 176 ----------
8	10	3	13	
11	5	16	2	
14	4	9	7	
1	15	6	12	

---------- 177 ----------
8	10	5	11	
1	15	4	14	
12	6	9	7	
13	3	16	2	

---------- 178 ----------
8	10	5	11	
13	3	16	2	
12	6	9	7	
1	15	4	14	

---------- 179 ----------
8	10	15	1	
11	5	4	14	
2	16	9	7	
13	3	6	12	

---------- 180 ----------
8	10	15	1	
13	3	6	12	
2	16	9	7	
11	5	4	14	

---------- 181 ----------
8	11	2	13	
1	14	7	12	
15	4	9	6	
10	5	16	3	

---------- 182 ----------
8	11	2	13	
10	5	16	3	
15	4	9	6	
1	14	7	12	

---------- 183 ----------
8	11	5	10	
1	14	4	15	
12	7	9	6	
13	2	16	3	

---------- 184 ----------
8	11	5	10	
13	2	16	3	
12	7	9	6	
1	14	4	15	

---------- 185 ----------
8	11	14	1	
10	5	4	15	
3	16	9	6	
13	2	7	12	

---------- 186 ----------
8	11	14	1	
13	2	7	12	
3	16	9	6	
10	5	4	15	

---------- 187 ----------
8	13	2	11	
1	12	7	14	
15	6	9	4	
10	3	16	5	

---------- 188 ----------
8	13	2	11	
10	3	16	5	
15	6	9	4	
1	12	7	14	

---------- 189 ----------
8	13	3	10	
1	12	6	15	
14	7	9	4	
11	2	16	5	

---------- 190 ----------
8	13	3	10	
11	2	16	5	
14	7	9	4	
1	12	6	15	

---------- 191 ----------
8	13	12	1	
10	3	6	15	
5	16	9	4	
11	2	7	14	

---------- 192 ----------
8	13	12	1	
11	2	7	14	
5	16	9	4	
10	3	6	15	

---------- 193 ----------
9	4	5	16	
6	15	10	3	
12	1	8	13	
7	14	11	2	

---------- 194 ----------
9	4	5	16	
7	14	11	2	
12	1	8	13	
6	15	10	3	

---------- 195 ----------
9	4	14	7	
6	15	1	12	
3	10	8	13	
16	5	11	2	

---------- 196 ----------
9	4	14	7	
16	5	11	2	
3	10	8	13	
6	15	1	12	

---------- 197 ----------
9	4	15	6	
7	14	1	12	
2	11	8	13	
16	5	10	3	

---------- 198 ----------
9	4	15	6	
16	5	10	3	
2	11	8	13	
7	14	1	12	

---------- 199 ----------
9	6	3	16	
4	15	10	5	
14	1	8	11	
7	12	13	2	

---------- 200 ----------
9	6	3	16	
7	12	13	2	
14	1	8	11	
4	15	10	5	

---------- 201 ----------
9	6	12	7	
4	15	1	14	
5	10	8	11	
16	3	13	2	

---------- 202 ----------
9	6	12	7	
16	3	13	2	
5	10	8	11	
4	15	1	14	

---------- 203 ----------
9	6	15	4	
7	12	1	14	
2	13	8	11	
16	3	10	5	

---------- 204 ----------
9	6	15	4	
16	3	10	5	
2	13	8	11	
7	12	1	14	

---------- 205 ----------
9	7	2	16	
4	14	11	5	
15	1	8	10	
6	12	13	3	

---------- 206 ----------
9	7	2	16	
6	12	13	3	
15	1	8	10	
4	14	11	5	

---------- 207 ----------
9	7	12	6	
4	14	1	15	
5	11	8	10	
16	2	13	3	

---------- 208 ----------
9	7	12	6	
16	2	13	3	
5	11	8	10	
4	14	1	15	

---------- 209 ----------
9	7	14	4	
6	12	1	15	
3	13	8	10	
16	2	11	5	

---------- 210 ----------
9	7	14	4	
16	2	11	5	
3	13	8	10	
6	12	1	15	

---------- 211 ----------
9	16	2	7	
4	5	11	14	
15	10	8	1	
6	3	13	12	

---------- 212 ----------
9	16	2	7	
6	3	13	12	
15	10	8	1	
4	5	11	14	

---------- 213 ----------
9	16	3	6	
4	5	10	15	
14	11	8	1	
7	2	13	12	

---------- 214 ----------
9	16	3	6	
7	2	13	12	
14	11	8	1	
4	5	10	15	

---------- 215 ----------
9	16	5	4	
6	3	10	15	
12	13	8	1	
7	2	11	14	

---------- 216 ----------
9	16	5	4	
7	2	11	14	
12	13	8	1	
6	3	10	15	

---------- 217 ----------
10	3	6	15	
5	16	9	4	
11	2	7	14	
8	13	12	1	

---------- 218 ----------
10	3	6	15	
8	13	12	1	
11	2	7	14	
5	16	9	4	

---------- 219 ----------
10	3	13	8	
5	16	2	11	
4	9	7	14	
15	6	12	1	

---------- 220 ----------
10	3	13	8	
15	6	12	1	
4	9	7	14	
5	16	2	11	

---------- 221 ----------
10	3	16	5	
8	13	2	11	
1	12	7	14	
15	6	9	4	

---------- 222 ----------
10	3	16	5	
15	6	9	4	
1	12	7	14	
8	13	2	11	

---------- 223 ----------
10	5	4	15	
3	16	9	6	
13	2	7	12	
8	11	14	1	

---------- 224 ----------
10	5	4	15	
8	11	14	1	
13	2	7	12	
3	16	9	6	

---------- 225 ----------
10	5	11	8	
3	16	2	13	
6	9	7	12	
15	4	14	1	

---------- 226 ----------
10	5	11	8	
15	4	14	1	
6	9	7	12	
3	16	2	13	

---------- 227 ----------
10	5	16	3	
8	11	2	13	
1	14	7	12	
15	4	9	6	

---------- 228 ----------
10	5	16	3	
15	4	9	6	
1	14	7	12	
8	11	2	13	

---------- 229 ----------
10	8	1	15	
3	13	12	6	
16	2	7	9	
5	11	14	4	

---------- 230 ----------
10	8	1	15	
5	11	14	4	
16	2	7	9	
3	13	12	6	

---------- 231 ----------
10	8	11	5	
3	13	2	16	
6	12	7	9	
15	1	14	4	

---------- 232 ----------
10	8	11	5	
15	1	14	4	
6	12	7	9	
3	13	2	16	

---------- 233 ----------
10	8	13	3	
5	11	2	16	
4	14	7	9	
15	1	12	6	

---------- 234 ----------
10	8	13	3	
15	1	12	6	
4	14	7	9	
5	11	2	16	

---------- 235 ----------
10	15	1	8	
3	6	12	13	
16	9	7	2	
5	4	14	11	

---------- 236 ----------
10	15	1	8	
5	4	14	11	
16	9	7	2	
3	6	12	13	

---------- 237 ----------
10	15	4	5	
3	6	9	16	
13	12	7	2	
8	1	14	11	

---------- 238 ----------
10	15	4	5	
8	1	14	11	
13	12	7	2	
3	6	9	16	

---------- 239 ----------
10	15	6	3	
5	4	9	16	
11	14	7	2	
8	1	12	13	

---------- 240 ----------
10	15	6	3	
8	1	12	13	
11	14	7	2	
5	4	9	16	

---------- 241 ----------
11	2	7	14	
5	16	9	4	
10	3	6	15	
8	13	12	1	

---------- 242 ----------
11	2	7	14	
8	13	12	1	
10	3	6	15	
5	16	9	4	

---------- 243 ----------
11	2	13	8	
5	16	3	10	
4	9	6	15	
14	7	12	1	

---------- 244 ----------
11	2	13	8	
14	7	12	1	
4	9	6	15	
5	16	3	10	

---------- 245 ----------
11	2	16	5	
8	13	3	10	
1	12	6	15	
14	7	9	4	

---------- 246 ----------
11	2	16	5	
14	7	9	4	
1	12	6	15	
8	13	3	10	

---------- 247 ----------
11	5	4	14	
2	16	9	7	
13	3	6	12	
8	10	15	1	

---------- 248 ----------
11	5	4	14	
8	10	15	1	
13	3	6	12	
2	16	9	7	

---------- 249 ----------
11	5	10	8	
2	16	3	13	
7	9	6	12	
14	4	15	1	

---------- 250 ----------
11	5	10	8	
14	4	15	1	
7	9	6	12	
2	16	3	13	

---------- 251 ----------
11	5	16	2	
8	10	3	13	
1	15	6	12	
14	4	9	7	

---------- 252 ----------
11	5	16	2	
14	4	9	7	
1	15	6	12	
8	10	3	13	

---------- 253 ----------
11	8	1	14	
2	13	12	7	
16	3	6	9	
5	10	15	4	

---------- 254 ----------
11	8	1	14	
5	10	15	4	
16	3	6	9	
2	13	12	7	

---------- 255 ----------
11	8	10	5	
2	13	3	16	
7	12	6	9	
14	1	15	4	

---------- 256 ----------
11	8	10	5	
14	1	15	4	
7	12	6	9	
2	13	3	16	

---------- 257 ----------
11	8	13	2	
5	10	3	16	
4	15	6	9	
14	1	12	7	

---------- 258 ----------
11	8	13	2	
14	1	12	7	
4	15	6	9	
5	10	3	16	

---------- 259 ----------
11	14	1	8	
2	7	12	13	
16	9	6	3	
5	4	15	10	

---------- 260 ----------
11	14	1	8	
5	4	15	10	
16	9	6	3	
2	7	12	13	

---------- 261 ----------
11	14	4	5	
2	7	9	16	
13	12	6	3	
8	1	15	10	

---------- 262 ----------
11	14	4	5	
8	1	15	10	
13	12	6	3	
2	7	9	16	

---------- 263 ----------
11	14	7	2	
5	4	9	16	
10	15	6	3	
8	1	12	13	

---------- 264 ----------
11	14	7	2	
8	1	12	13	
10	15	6	3	
5	4	9	16	

---------- 265 ----------
12	1	8	13	
6	15	10	3	
9	4	5	16	
7	14	11	2	

---------- 266 ----------
12	1	8	13	
7	14	11	2	
9	4	5	16	
6	15	10	3	

---------- 267 ----------
12	1	14	7	
6	15	4	9	
3	10	5	16	
13	8	11	2	

---------- 268 ----------
12	1	14	7	
13	8	11	2	
3	10	5	16	
6	15	4	9	

---------- 269 ----------
12	1	15	6	
7	14	4	9	
2	11	5	16	
13	8	10	3	

---------- 270 ----------
12	1	15	6	
13	8	10	3	
2	11	5	16	
7	14	4	9	

---------- 271 ----------
12	6	3	13	
1	15	10	8	
14	4	5	11	
7	9	16	2	

---------- 272 ----------
12	6	3	13	
7	9	16	2	
14	4	5	11	
1	15	10	8	

---------- 273 ----------
12	6	9	7	
1	15	4	14	
8	10	5	11	
13	3	16	2	

---------- 274 ----------
12	6	9	7	
13	3	16	2	
8	10	5	11	
1	15	4	14	

---------- 275 ----------
12	6	15	1	
7	9	4	14	
2	16	5	11	
13	3	10	8	

---------- 276 ----------
12	6	15	1	
13	3	10	8	
2	16	5	11	
7	9	4	14	

---------- 277 ----------
12	7	2	13	
1	14	11	8	
15	4	5	10	
6	9	16	3	

---------- 278 ----------
12	7	2	13	
6	9	16	3	
15	4	5	10	
1	14	11	8	

---------- 279 ----------
12	7	9	6	
1	14	4	15	
8	11	5	10	
13	2	16	3	

---------- 280 ----------
12	7	9	6	
13	2	16	3	
8	11	5	10	
1	14	4	15	

---------- 281 ----------
12	7	14	1	
6	9	4	15	
3	16	5	10	
13	2	11	8	

---------- 282 ----------
12	7	14	1	
13	2	11	8	
3	16	5	10	
6	9	4	15	

---------- 283 ----------
12	13	2	7	
1	8	11	14	
15	10	5	4	
6	3	16	9	

---------- 284 ----------
12	13	2	7	
6	3	16	9	
15	10	5	4	
1	8	11	14	

---------- 285 ----------
12	13	3	6	
1	8	10	15	
14	11	5	4	
7	2	16	9	

---------- 286 ----------
12	13	3	6	
7	2	16	9	
14	11	5	4	
1	8	10	15	

---------- 287 ----------
12	13	8	1	
6	3	10	15	
9	16	5	4	
7	2	11	14	

---------- 288 ----------
12	13	8	1	
7	2	11	14	
9	16	5	4	
6	3	10	15	

---------- 289 ----------
13	2	7	12	
3	16	9	6	
10	5	4	15	
8	11	14	1	

---------- 290 ----------
13	2	7	12	
8	11	14	1	
10	5	4	15	
3	16	9	6	

---------- 291 ----------
13	2	11	8	
3	16	5	10	
6	9	4	15	
12	7	14	1	

---------- 292 ----------
13	2	11	8	
12	7	14	1	
6	9	4	15	
3	16	5	10	

---------- 293 ----------
13	2	16	3	
8	11	5	10	
1	14	4	15	
12	7	9	6	

---------- 294 ----------
13	2	16	3	
12	7	9	6	
1	14	4	15	
8	11	5	10	

---------- 295 ----------
13	3	6	12	
2	16	9	7	
11	5	4	14	
8	10	15	1	

---------- 296 ----------
13	3	6	12	
8	10	15	1	
11	5	4	14	
2	16	9	7	

---------- 297 ----------
13	3	10	8	
2	16	5	11	
7	9	4	14	
12	6	15	1	

---------- 298 ----------
13	3	10	8	
12	6	15	1	
7	9	4	14	
2	16	5	11	

---------- 299 ----------
13	3	16	2	
8	10	5	11	
1	15	4	14	
12	6	9	7	

---------- 300 ----------
13	3	16	2	
12	6	9	7	
1	15	4	14	
8	10	5	11	

---------- 301 ----------
13	8	1	12	
2	11	14	7	
16	5	4	9	
3	10	15	6	

---------- 302 ----------
13	8	1	12	
3	10	15	6	
16	5	4	9	
2	11	14	7	

---------- 303 ----------
13	8	10	3	
2	11	5	16	
7	14	4	9	
12	1	15	6	

---------- 304 ----------
13	8	10	3	
12	1	15	6	
7	14	4	9	
2	11	5	16	

---------- 305 ----------
13	8	11	2	
3	10	5	16	
6	15	4	9	
12	1	14	7	

---------- 306 ----------
13	8	11	2	
12	1	14	7	
6	15	4	9	
3	10	5	16	

---------- 307 ----------
13	12	1	8	
2	7	14	11	
16	9	4	5	
3	6	15	10	

---------- 308 ----------
13	12	1	8	
3	6	15	10	
16	9	4	5	
2	7	14	11	

---------- 309 ----------
13	12	6	3	
2	7	9	16	
11	14	4	5	
8	1	15	10	

---------- 310 ----------
13	12	6	3	
8	1	15	10	
11	14	4	5	
2	7	9	16	

---------- 311 ----------
13	12	7	2	
3	6	9	16	
10	15	4	5	
8	1	14	11	

---------- 312 ----------
13	12	7	2	
8	1	14	11	
10	15	4	5	
3	6	9	16	

---------- 313 ----------
14	1	8	11	
4	15	10	5	
9	6	3	16	
7	12	13	2	

---------- 314 ----------
14	1	8	11	
7	12	13	2	
9	6	3	16	
4	15	10	5	

---------- 315 ----------
14	1	12	7	
4	15	6	9	
5	10	3	16	
11	8	13	2	

---------- 316 ----------
14	1	12	7	
11	8	13	2	
5	10	3	16	
4	15	6	9	

---------- 317 ----------
14	1	15	4	
7	12	6	9	
2	13	3	16	
11	8	10	5	

---------- 318 ----------
14	1	15	4	
11	8	10	5	
2	13	3	16	
7	12	6	9	

---------- 319 ----------
14	4	5	11	
1	15	10	8	
12	6	3	13	
7	9	16	2	

---------- 320 ----------
14	4	5	11	
7	9	16	2	
12	6	3	13	
1	15	10	8	

---------- 321 ----------
14	4	9	7	
1	15	6	12	
8	10	3	13	
11	5	16	2	

---------- 322 ----------
14	4	9	7	
11	5	16	2	
8	10	3	13	
1	15	6	12	

---------- 323 ----------
14	4	15	1	
7	9	6	12	
2	16	3	13	
11	5	10	8	

---------- 324 ----------
14	4	15	1	
11	5	10	8	
2	16	3	13	
7	9	6	12	

---------- 325 ----------
14	7	2	11	
1	12	13	8	
15	6	3	10	
4	9	16	5	

---------- 326 ----------
14	7	2	11	
4	9	16	5	
15	6	3	10	
1	12	13	8	

---------- 327 ----------
14	7	9	4	
1	12	6	15	
8	13	3	10	
11	2	16	5	

---------- 328 ----------
14	7	9	4	
11	2	16	5	
8	13	3	10	
1	12	6	15	

---------- 329 ----------
14	7	12	1	
4	9	6	15	
5	16	3	10	
11	2	13	8	

---------- 330 ----------
14	7	12	1	
11	2	13	8	
5	16	3	10	
4	9	6	15	

---------- 331 ----------
14	11	2	7	
1	8	13	12	
15	10	3	6	
4	5	16	9	

---------- 332 ----------
14	11	2	7	
4	5	16	9	
15	10	3	6	
1	8	13	12	

---------- 333 ----------
14	11	5	4	
1	8	10	15	
12	13	3	6	
7	2	16	9	

---------- 334 ----------
14	11	5	4	
7	2	16	9	
12	13	3	6	
1	8	10	15	

---------- 335 ----------
14	11	8	1	
4	5	10	15	
9	16	3	6	
7	2	13	12	

---------- 336 ----------
14	11	8	1	
7	2	13	12	
9	16	3	6	
4	5	10	15	

---------- 337 ----------
15	1	8	10	
4	14	11	5	
9	7	2	16	
6	12	13	3	

---------- 338 ----------
15	1	8	10	
6	12	13	3	
9	7	2	16	
4	14	11	5	

---------- 339 ----------
15	1	12	6	
4	14	7	9	
5	11	2	16	
10	8	13	3	

---------- 340 ----------
15	1	12	6	
10	8	13	3	
5	11	2	16	
4	14	7	9	

---------- 341 ----------
15	1	14	4	
6	12	7	9	
3	13	2	16	
10	8	11	5	

---------- 342 ----------
15	1	14	4	
10	8	11	5	
3	13	2	16	
6	12	7	9	

---------- 343 ----------
15	4	5	10	
1	14	11	8	
12	7	2	13	
6	9	16	3	

---------- 344 ----------
15	4	5	10	
6	9	16	3	
12	7	2	13	
1	14	11	8	

---------- 345 ----------
15	4	9	6	
1	14	7	12	
8	11	2	13	
10	5	16	3	

---------- 346 ----------
15	4	9	6	
10	5	16	3	
8	11	2	13	
1	14	7	12	

---------- 347 ----------
15	4	14	1	
6	9	7	12	
3	16	2	13	
10	5	11	8	

---------- 348 ----------
15	4	14	1	
10	5	11	8	
3	16	2	13	
6	9	7	12	

---------- 349 ----------
15	6	3	10	
1	12	13	8	
14	7	2	11	
4	9	16	5	

---------- 350 ----------
15	6	3	10	
4	9	16	5	
14	7	2	11	
1	12	13	8	

---------- 351 ----------
15	6	9	4	
1	12	7	14	
8	13	2	11	
10	3	16	5	

---------- 352 ----------
15	6	9	4	
10	3	16	5	
8	13	2	11	
1	12	7	14	

---------- 353 ----------
15	6	12	1	
4	9	7	14	
5	16	2	11	
10	3	13	8	

---------- 354 ----------
15	6	12	1	
10	3	13	8	
5	16	2	11	
4	9	7	14	

---------- 355 ----------
15	10	3	6	
1	8	13	12	
14	11	2	7	
4	5	16	9	

---------- 356 ----------
15	10	3	6	
4	5	16	9	
14	11	2	7	
1	8	13	12	

---------- 357 ----------
15	10	5	4	
1	8	11	14	
12	13	2	7	
6	3	16	9	

---------- 358 ----------
15	10	5	4	
6	3	16	9	
12	13	2	7	
1	8	11	14	

---------- 359 ----------
15	10	8	1	
4	5	11	14	
9	16	2	7	
6	3	13	12	

---------- 360 ----------
15	10	8	1	
6	3	13	12	
9	16	2	7	
4	5	11	14	

---------- 361 ----------
16	2	7	9	
3	13	12	6	
10	8	1	15	
5	11	14	4	

---------- 362 ----------
16	2	7	9	
5	11	14	4	
10	8	1	15	
3	13	12	6	

---------- 363 ----------
16	2	11	5	
3	13	8	10	
6	12	1	15	
9	7	14	4	

---------- 364 ----------
16	2	11	5	
9	7	14	4	
6	12	1	15	
3	13	8	10	

---------- 365 ----------
16	2	13	3	
5	11	8	10	
4	14	1	15	
9	7	12	6	

---------- 366 ----------
16	2	13	3	
9	7	12	6	
4	14	1	15	
5	11	8	10	

---------- 367 ----------
16	3	6	9	
2	13	12	7	
11	8	1	14	
5	10	15	4	

---------- 368 ----------
16	3	6	9	
5	10	15	4	
11	8	1	14	
2	13	12	7	

---------- 369 ----------
16	3	10	5	
2	13	8	11	
7	12	1	14	
9	6	15	4	

---------- 370 ----------
16	3	10	5	
9	6	15	4	
7	12	1	14	
2	13	8	11	

---------- 371 ----------
16	3	13	2	
5	10	8	11	
4	15	1	14	
9	6	12	7	

---------- 372 ----------
16	3	13	2	
9	6	12	7	
4	15	1	14	
5	10	8	11	

---------- 373 ----------
16	5	4	9	
2	11	14	7	
13	8	1	12	
3	10	15	6	

---------- 374 ----------
16	5	4	9	
3	10	15	6	
13	8	1	12	
2	11	14	7	

---------- 375 ----------
16	5	10	3	
2	11	8	13	
7	14	1	12	
9	4	15	6	

---------- 376 ----------
16	5	10	3	
9	4	15	6	
7	14	1	12	
2	11	8	13	

---------- 377 ----------
16	5	11	2	
3	10	8	13	
6	15	1	12	
9	4	14	7	

---------- 378 ----------
16	5	11	2	
9	4	14	7	
6	15	1	12	
3	10	8	13	

---------- 379 ----------
16	9	4	5	
2	7	14	11	
13	12	1	8	
3	6	15	10	

---------- 380 ----------
16	9	4	5	
3	6	15	10	
13	12	1	8	
2	7	14	11	

---------- 381 ----------
16	9	6	3	
2	7	12	13	
11	14	1	8	
5	4	15	10	

---------- 382 ----------
16	9	6	3	
5	4	15	10	
11	14	1	8	
2	7	12	13	

---------- 383 ----------
16	9	7	2	
3	6	12	13	
10	15	1	8	
5	4	14	11	

---------- 384 ----------
16	9	7	2	
5	4	14	11	
10	15	1	8	
3	6	12	13	

